0.016 0.28 0.327 0.377 0.484 0.597 0.698 0.799 1.001 1.215 1.232 1.238 1.326 1.425 1.576 1.635 1.759 1.963 2.297
0.0190001 0.266 0.512 0.709 1.095 1.122 1.422 1.468 1.45 1.616 1.817 2.001 2.178 2.357 2.548 2.684 2.776 2.992 3.108
0.016 0.294 0.561 0.806 1.063 1.294 1.595 2.129 2.189 2.316 2.577 2.824 3.074 3.87 4.012 6.334 4.322 4.429 5.097
0.0300002 0.547 0.793 1.097 1.483 1.777 2.124 2.479 2.854 3.2 3.655 3.911 4.275 5.312 5.695 7.303 6.945 7.007 7.603
0.0339999 0.485 0.919 1.357 1.772 2.254 2.711 3.26 4.401 5.118 5.177 5.958 6.556 6.463 6.66 7.677 9.142 8.442 8.782
0.236 0.791 1.262 1.851 3.451 4.021 4.879 5.093 6.253 7.683 6.879 8.921 8.543 7.79 8.789 8.914 10.505 11.733 10.742
0.05 0.739 1.729 2.699 3.909 3.522 4.002 4.92 6.569 7.384 8.066 7.012 7.54 8.269 11.704 11.874 11.19 12.529 13.488
0.0510001 0.778 1.482 2.216 4.865 5.167 6.597 7.641 6.53 7.822 8.822 8.964 9.176 10.716 10.128 10.191 10.437 11.202 12.788
0.05 0.739 1.755 2.054 3.386 3.45 4.234 5.014 5.589 6.416 7.11 8.022 9.263 10.402 11.359 13.377 12.132 13.273 11.905
0.05 0.743 1.441 2.132 2.836 3.56 4.311 5.014 6.623 7.308 8.391 9.666 10.425 11.446 11.389 12.36 13.447 15.905 16.166
0.0570002 0.834 2.428 2.658 3.183 4.216 4.78 5.601 6.489 7.256 7.977 8.82 10.534 11.256 19.743 12.977 17.388 19.529 15.44
0.0599999 0.945 1.807 2.654 3.507 4.582 5.431 6.18 7.069 9.98 9.154 10.361 10.79 11.669 12.41 13.511 14.612 17.352 20.429
0.0799999 1.05 2.384 3.48 5.65 6.678 7.996 8.735 9.767 11.251 11.812 12.079 14.766 16.225 18.168 19.009 25.659 22.481 19.606
0.072 1.056 2.027 3.028 4.051 5.038 6.051 7.29 9.939 10.043 10.418 13.213 15.73 15.652 16.076 15.972 16.381 21.9 22.912
0.079 1.177 2.356 3.413 4.723 5.926 6.993 8.6 10.642 11.565 13.249 14.523 16.045 17.745 16.96 22.728 20.031 20.879 22.261
0.099 1.465 3.091 4.904 5.851 6.824 8.251 9.155 10.411 12.757 13.661 14.82 17.019 16.527 17.656 17.281 18.515 19.689 21.155
0.086 1.251 2.427 3.616 4.822 6.022 7.271 8.517 9.785 11.047 12.447 13.586 14.875 17.031 17.432 18.772 20.431 21.328 23.413
0.0930002 1.614 2.972 3.851 5.13 6.51 8.199 9.176 23.948 15.951 15.618 16.797 19.942 22.7 22.107 24.973 24.255 26.551 28.896
0.0969999 1.646 3.414 4.604 6.992 9.82 9.77 10.625 13.885 13.933 14.211 16.9 18.185 22.734 29.593 26.538 29.179 25.603 33.275
